i_0,i_1,i_2,i_3,i_4,i_5,i_6,i_7,i_8,i_9,i_10,i_11,i_12,i_13,i_14,i_15,i_16,i_17,i_18,i_19,i_20,i_21,i_22,i_23,i_24,i_25,i_26,i_27,i_28,i_29,i_30,i_31,i_32,i_33,i_34,i_35,i_36,i_37,i_38,i_39,i_40,i_41,i_42,i_43,i_44,i_45,i_46,i_47,i_48,i_49,i_50,i_51,i_52,i_53,i_54,i_55,i_56,i_57,i_58,i_59,
j_0,0.000000,0.810992,2.373844,4.747669,7.083257,9.411764,11.680494,13.971567,16.226955,18.528918,20.953996,23.401395,25.611671,27.525112,29.090380,30.512102,31.659018,32.818588,34.345999,36.754363,39.205188,41.552615,43.840459,46.186295,48.558634,50.884037,53.199468,55.555291,57.879873,60.195378,62.478245,64.909965,67.528974,69.955337,72.263509,74.743275,77.142661,79.651078,82.126298,84.617804,87.126145,89.685183,92.325037,95.000742,97.595320,100.192703,102.732992,105.268610,107.729164,110.268991,112.703899,115.244518,117.754519,120.347455,122.906667,125.270140,127.600593,129.780039,131.579385,132.723807
j_1,0.810992,0.000000,1.076397,2.892840,4.617475,6.342972,8.022036,9.751595,11.464658,13.262108,15.221422,17.257555,19.153239,20.838023,22.252819,23.634022,24.760601,25.929042,27.247818,29.290788,31.363669,33.269304,35.103026,36.957194,38.826207,40.649652,42.465255,44.327828,46.165557,48.003015,49.825270,51.836526,54.064722,56.128361,58.114733,60.248866,62.337737,64.528065,66.661954,68.820976,71.002985,73.228384,75.537010,77.881553,80.156572,82.431010,84.658696,86.886738,89.047542,91.274707,93.413496,95.649226,97.858389,100.145899,102.414125,104.479570,106.527233,108.432593,110.228077,111.583653
j_2,2.373844,1.076397,0.000000,1.003099,1.893990,2.843027,3.724569,4.638980,5.521619,6.474116,7.529842,8.613618,9.595795,10.567010,11.524055,12.434329,13.350469,14.294167,14.964439,16.021406,17.161244,18.179293,19.214671,20.233969,21.277957,22.304191,23.325140,24.387309,25.421577,26.453853,27.457984,28.511795,29.764593,30.880112,31.935931,33.116811,34.278416,35.541957,36.767164,37.995834,39.253292,40.521128,41.880574,43.266907,44.592424,45.917750,47.201706,48.483350,49.698145,50.957127,52.136568,53.401707,54.647834,55.979948,57.332240,58.529914,59.826609,60.996368,62.511331,63.977115
j_3,4.747669,2.892840,1.003099,0.000000,0.464522,0.799904,1.121856,1.531460,2.076769,2.656812,3.481366,4.523224,5.838200,7.458919,9.267480,10.962376,12.777622,14.545307,15.905033,16.990852,18.079145,19.030461,20.003348,20.796828,21.517848,22.233509,22.959024,23.705720,24.485031,25.324848,26.175049,27.046115,28.030274,29.235991,30.472992,31.753933,33.042621,34.370108,35.552534,36.717959,37.939685,39.088204,40.292003,41.485984,42.692357,43.906305,45.133022,46.357492,47.586707,48.775260,49.996378,51.229844,52.459436,53.719001,55.055020,56.453276,58.155830,59.828399,62.145715,64.466495
j_4,7.083257,4.617475,1.893990,0.464522,0.000000,0.258814,0.595513,1.069930,1.662525,2.357435,3.226131,4.224644,5.448455,6.963086,8.626647,10.293158,12.031424,13.773320,15.121282,16.207785,17.313564,18.266754,19.247873,20.073943,20.849872,21.621571,22.398459,23.196103,24.006864,24.858232,25.736384,26.633113,27.708078,28.894439,30.128441,31.388568,32.687179,34.008372,35.241583,36.484349,37.770258,39.014423,40.336836,41.661863,42.982447,44.298464,45.619580,46.938842,48.240263,49.517719,50.801839,52.117449,53.435297,54.797108,56.240731,57.660640,59.257561,60.819435,63.046859,65.325962
j_5,9.411764,6.342972,2.843027,0.799904,0.258814,0.000000,0.206429,0.584893,1.118705,1.734242,2.597225,3.662875,4.976376,6.579823,8.334375,10.040249,11.819653,13.588449,14.952177,16.091538,17.219283,18.173787,19.119978,19.909075,20.630882,21.333286,22.043764,22.780452,23.549365,24.372006,25.216129,26.130844,27.229780,28.480637,29.774969,31.103924,32.452993,33.820003,35.071414,36.312970,37.591129,38.833674,40.146709,41.458588,42.768274,44.074421,45.391758,46.709423,48.017883,49.302421,50.602961,51.935841,53.276113,54.656434,56.129753,57.600559,59.293452,60.955282,63.257757,65.573724
j_6,11.680494,8.022036,3.724569,1.121856,0.595513,0.206429,0.000000,0.268725,0.700845,1.238970,2.031240,3.057162,4.333445,5.869375,7.556052,9.176222,10.872345,12.541890,13.809583,14.877888,15.937829,16.810098,17.650871,18.321577,18.940188,19.541815,20.154213,20.785682,21.440145,22.143326,22.878953,23.719750,24.750382,25.915488,27.123081,28.367473,29.618558,30.905187,32.075975,33.238211,34.437574,35.597126,36.832111,38.067051,39.294110,40.518073,41.745893,42.975007,44.194701,45.399635,46.610255,47.853806,49.103229,50.394842,51.774036,53.149372,54.771478,56.359232,58.561065,60.786278
j_7,13.971567,9.751595,4.638980,1.531460,1.069930,0.584893,0.268725,0.000000,0.237005,0.657083,1.340045,2.310350,3.577719,5.127888,6.836162,8.443887,10.146511,11.790891,13.032521,14.057800,15.030847,15.787353,16.484585,16.982507,17.393815,17.768707,18.155726,18.570726,19.020438,19.532264,20.141602,20.931314,21.963897,23.180193,24.429873,25.719174,27.009454,28.350197,29.579115,30.753130,31.943028,33.071936,34.284835,35.486654,36.681042,37.874919,39.071796,40.271544,41.460007,42.631667,43.802981,45.005513,46.225604,47.507625,48.901393,50.314666,52.001102,53.625036,55.825175,58.052379
j_8,16.226955,11.464658,5.521619,2.076769,1.662525,1.118705,0.700845,0.237005,0.000000,0.309004,0.863772,1.718027,2.886960,4.329637,5.953551,7.466571,9.088146,10.662869,11.815739,12.739869,13.589399,14.191669,14.741183,15.127601,15.469950,15.795084,16.127021,16.519542,16.944896,17.419607,17.967565,18.711990,19.717530,20.898749,22.100095,23.348079,24.594839,25.922848,27.130463,28.255249,29.372750,30.438702,31.576522,32.708724,33.823391,34.942491,36.061324,37.183363,38.287583,39.385547,40.474239,41.600803,42.743575,43.961199,45.291212,46.637643,48.259867,49.801888,51.896180,54.033904
j_9,18.528918,13.262108,6.474116,2.656812,2.357435,1.734242,1.238970,0.657083,0.309004,0.000000,0.341910,1.041393,2.087173,3.466055,5.080702,6.572306,8.200942,9.767332,10.870505,11.652696,12.331294,12.780396,13.219540,13.558171,13.901259,14.279706,14.654631,15.079430,15.532583,16.033766,16.479662,17.096167,17.967395,19.065360,20.203981,21.366090,22.518612,23.724526,24.782742,25.732639,26.679295,27.561716,28.515061,29.458832,30.399076,31.343900,32.295276,33.254364,34.215153,35.165875,36.129826,37.123624,38.131227,39.201312,40.390676,41.610997,43.123526,44.574896,46.612751,48.727679
j_10,20.953996,15.221422,7.529842,3.481366,3.226131,2.597225,2.031240,1.340045,0.863772,0.341910,0.000000,0.448585,1.319025,2.575972,4.131943,5.604459,7.255498,8.839014,9.939985,10.496960,10.906666,11.144582,11.530833,11.928308,12.400494,12.957853,13.500323,14.063102,14.623375,15.183716,15.612488,16.076271,16.796956,17.764747,18.795611,19.811590,20.831200,21.902592,22.835908,23.632562,24.412847,25.114580,25.885380,26.647054,27.409626,28.173292,28.941082,29.720954,30.509044,31.286163,32.081980,32.892705,33.720915,34.620360,35.647782,36.713716,38.063545,39.350413,41.265868,43.355850
j_11,23.401395,17.257555,8.613618,4.523224,4.224644,3.662875,3.057162,2.310350,1.718027,1.041393,0.448585,0.000000,0.572064,1.608391,3.007061,4.381849,5.976618,7.516550,8.572432,8.876737,9.193667,9.648689,10.354367,11.127632,11.972049,12.887501,13.782051,14.679321,15.505591,16.051403,16.357005,16.579034,17.198464,18.015051,18.875981,19.714838,20.590325,21.519742,22.333633,23.027994,23.692750,24.310958,24.989351,25.685104,26.374678,27.065185,27.749649,28.428998,29.093540,29.746331,30.418711,31.110042,31.805854,32.596358,33.489324,34.410061,35.545498,36.635945,38.400862,40.397132
j_12,25.611671,19.153239,9.595795,5.838200,5.448455,4.976376,4.333445,3.577719,2.886960,2.087173,1.319025,0.572064,0.000000,0.573893,1.553261,2.570956,3.848693,5.117729,5.953823,6.451868,7.161671,8.003962,9.033341,10.148517,11.338141,12.579004,13.803198,15.043324,16.258218,17.253508,17.428262,17.413794,18.091460,18.694405,19.416297,20.152129,20.915746,21.714790,22.542945,23.296433,24.050156,24.832133,25.669595,26.540547,27.194667,27.877978,28.523120,29.193388,29.792495,30.476997,31.099972,31.842766,32.533182,33.351610,34.219120,34.972491,35.765314,36.479029,37.846262,39.499768
j_13,27.525112,20.838023,10.567010,7.458919,6.963086,6.579823,5.869375,5.127888,4.329637,3.466055,2.575972,1.608391,0.573893,0.000000,0.502550,1.176764,2.133816,3.149367,3.883877,4.800924,5.921142,7.107056,8.410248,9.829927,11.340771,12.888979,14.421590,15.975186,17.494533,18.746859,18.790257,18.620179,19.356458,19.590479,20.230268,21.048686,21.810697,22.718188,23.612451,24.360534,25.116838,25.998160,26.865342,27.791082,28.358546,29.033342,29.614575,30.274628,30.782718,31.549407,32.074964,32.900527,33.559438,34.460814,35.296550,35.822118,36.372078,36.872396,37.794156,39.026641
j_14,29.090380,22.252819,11.524055,9.267480,8.626647,8.334375,7.556052,6.836162,5.953551,5.080702,4.131943,3.007061,1.553261,0.502550,0.000000,0.524871,1.221720,2.036756,2.808662,4.114052,5.586978,7.061236,8.586927,10.220667,11.931542,13.655656,15.363954,17.094726,18.784954,20.408533,20.350303,20.119674,20.975697,20.813465,21.370685,22.305479,23.049475,24.060265,25.029318,25.804843,26.573866,27.552335,28.474060,29.449579,29.925276,30.588363,31.101509,31.751238,32.162932,33.016957,33.431291,34.351259,34.983906,35.971611,36.775161,37.058193,37.403040,37.747973,38.597763,39.589324
j_15,30.512102,23.634022,12.434329,10.962376,10.293158,10.040249,9.176222,8.443887,7.466571,6.572306,5.604459,4.381849,2.570956,1.176764,0.524871,0.000000,0.510799,1.061917,1.587295,2.840109,4.237691,5.639607,7.075420,8.601596,10.191563,11.784995,13.364381,14.971759,16.546650,18.106632,19.583831,21.032990,22.535764,22.082353,22.520940,23.606768,24.280578,25.422513,26.426390,27.183339,27.959244,29.000629,29.972315,30.985327,31.368801,32.032208,32.476354,33.112020,33.435969,34.373194,34.675711,35.692091,36.294768,37.376224,38.158283,38.291213,38.636845,38.819930,39.625857,40.473381
j_16,31.659018,24.760601,13.350469,12.777622,12.031424,11.819653,10.872345,10.146511,9.088146,8.200942,7.255498,5.976618,3.848693,2.133816,1.221720,0.510799,0.000000,0.488339,1.146307,2.648405,4.256324,5.819487,7.382544,9.013943,10.706821,12.392300,14.066628,15.776792,17.451120,19.109716,20.726302,22.392502,24.209076,23.634158,23.972846,25.189474,25.789987,27.040193,28.080903,28.828034,29.598706,30.685387,31.732647,32.782278,33.077126,33.739178,34.119190,34.749539,34.997783,36.021330,36.204983,37.326690,37.901537,39.073207,39.839913,39.777337,40.090589,40.112096,40.719075,41.376592
j_17,32.818588,25.929042,14.294167,14.545307,13.773320,13.588449,12.541890,11.790891,10.662869,9.767332,8.839014,7.516550,5.117729,3.149367,2.036756,1.061917,0.488339,0.000000,0.532352,1.976965,3.516829,5.017232,6.501062,8.059880,9.672387,11.271691,12.853459,14.451201,16.005107,17.544835,19.056210,20.641197,22.381309,23.912661,25.348741,26.757953,27.280190,28.624623,29.682706,30.406455,31.179251,32.288680,33.434480,34.512547,34.732221,35.392081,35.702509,36.326363,36.502709,37.608282,37.679540,38.895842,39.449260,40.723905,41.478311,41.250899,41.577606,41.445465,41.791596,42.206417
j_18,34.345999,27.247818,14.964439,15.905033,15.121282,14.952177,13.809583,13.032521,11.815739,10.870505,9.939985,8.572432,5.953823,3.883877,2.808662,1.587295,1.146307,0.532352,0.000000,0.955557,2.011457,3.032414,4.069897,5.196245,6.387928,7.582442,8.758175,9.952506,11.112383,12.261129,13.349931,14.468575,15.744222,16.850630,17.883885,19.033928,20.117540,21.292252,22.454448,23.563120,24.659833,25.785979,27.005250,28.254816,29.431023,30.604310,31.714818,32.819431,33.856161,34.971790,35.988455,37.102775,38.202159,39.411126,40.640678,41.733088,42.767124,42.505067,42.962059,43.361849
j_19,36.754363,29.290788,16.021406,16.990852,16.207785,16.091538,14.877888,14.057800,12.739869,11.652696,10.496960,8.876737,6.451868,4.800924,4.114052,2.840109,2.648405,1.976965,0.955557,0.000000,0.331461,0.869852,1.633772,2.457573,3.362042,4.336527,5.294793,6.248691,7.183037,8.095276,8.884694,9.361830,9.862591,10.474354,11.113216,11.722570,12.350385,13.044460,13.660858,14.136177,14.580441,14.985226,15.454581,15.950777,16.415446,16.877138,17.311720,17.737912,18.137221,18.536842,18.936020,19.359116,19.789000,20.337184,20.998042,21.697696,22.686270,23.640006,25.273285,27.172742
j_20,39.205188,31.363669,17.161244,18.079145,17.313564,17.219283,15.937829,15.030847,13.589399,12.331294,10.906666,9.193667,7.161671,5.921142,5.586978,4.237691,4.256324,3.516829,2.011457,0.331461,0.000000,0.345127,0.934583,1.622175,2.399363,3.247063,4.078164,4.911781,5.727144,6.504558,7.128092,7.530016,8.108495,8.956986,9.833454,10.687250,11.531407,12.442536,13.218023,13.819731,14.358436,14.839566,15.392133,15.953552,16.492904,17.033698,17.571216,18.117775,18.660126,19.083971,19.487376,19.936848,20.390243,21.040105,21.838344,22.577414,23.757344,24.763205,26.520603,28.509762
j_21,41.552615,33.269304,18.179293,19.030461,18.266754,18.173787,16.810098,15.787353,14.191669,12.780396,11.144582,9.648689,8.003962,7.107056,7.061236,5.639607,5.819487,5.017232,3.032414,0.869852,0.345127,0.000000,0.284803,0.708444,1.245684,1.845932,2.428890,3.030641,3.615759,4.165109,4.580635,5.051106,5.813818,6.774838,7.777894,8.781558,9.785620,10.861615,11.802714,12.599437,13.341185,14.042405,14.825676,15.614052,16.381334,17.148851,17.910839,18.686829,19.423792,19.864834,20.256871,20.746000,21.224492,21.969265,22.894505,23.624112,24.935596,26.002930,27.807709,29.803798
j_22,43.840459,35.103026,19.214671,20.003348,19.247873,19.119978,17.650871,16.484585,14.741183,13.219540,11.530833,10.354367,9.033341,8.410248,8.586927,7.075420,7.382544,6.501062,4.069897,1.633772,0.934583,0.284803,0.000000,0.297534,0.725292,1.193821,1.644694,2.113326,2.562990,2.976042,3.298553,3.927871,4.883736,5.989312,7.143871,8.306720,9.452409,10.660425,11.750402,12.709035,13.616972,14.497049,15.468500,16.438861,17.324870,18.085904,18.837253,19.629131,20.352826,20.823919,21.191622,21.727247,22.237961,23.071273,24.127628,24.830936,26.281473,27.374982,29.233939,31.243643
j_23,46.186295,36.957194,20.233969,20.796828,20.073943,19.909075,18.321577,16.982507,15.127601,13.558171,11.928308,11.127632,10.148517,9.829927,10.220667,8.601596,9.013943,8.059880,5.196245,2.457573,1.622175,0.708444,0.297534,0.000000,0.164868,0.405264,0.644294,0.913646,1.175195,1.451220,1.797683,2.451447,3.406161,4.556775,5.759438,6.962031,8.146131,9.382078,10.518655,11.539092,12.537293,13.453604,14.468418,15.466052,16.452284,17.435182,18.414784,19.409077,20.403667,21.401854,22.174575,22.740863,23.279929,24.187026,25.379307,26.092510,27.634963,28.838999,30.839135,32.966319
j_24,48.558634,38.826207,21.277957,21.517848,20.849872,20.630882,18.940188,17.393815,15.469950,13.901259,12.400494,11.972049,11.338141,11.340771,11.931542,10.191563,10.706821,9.672387,6.387928,3.362042,2.399363,1.245684,0.725292,0.164868,0.000000,0.122646,0.243513,0.416606,0.622740,0.895323,1.314245,2.027775,3.033978,4.264268,5.543024,6.827626,8.096815,9.407794,10.622940,11.723426,12.809216,13.801706,14.892152,15.958224,17.020146,18.079062,19.139414,20.212043,21.287355,22.352538,23.232789,23.824748,24.394381,25.374930,26.703970,27.452975,29.101644,30.405300,32.512584,34.712730
j_25,50.884037,40.649652,22.304191,22.233509,21.621571,21.333286,19.541815,17.768707,15.795084,14.279706,12.957853,12.887501,12.579004,12.888979,13.655656,11.784995,12.392300,11.271691,7.582442,4.336527,3.247063,1.845932,1.193821,0.405264,0.122646,0.000000,0.060722,0.208658,0.399332,0.671530,1.119953,1.885702,2.955286,4.240794,5.563837,6.906341,8.229851,9.596729,10.867692,12.027488,13.172415,14.230772,15.392874,16.530811,17.661354,18.789855,19.918957,21.058823,22.194610,23.323321,24.349010,24.973826,25.575390,26.631912,28.030730,28.873631,30.576851,32.024194,34.159636,36.360849
j_26,53.199468,42.465255,23.325140,22.959024,22.398459,22.043764,20.154213,18.155726,16.127021,14.654631,13.500323,13.782051,13.803198,14.421590,15.363954,13.364381,14.066628,12.853459,8.758175,5.294793,4.078164,2.428890,1.644694,0.644294,0.243513,0.060722,0.000000,0.116529,0.282516,0.530994,0.966918,1.723542,2.785583,4.063736,5.380527,6.718241,8.039487,9.403178,10.668952,11.822781,12.958807,14.011081,15.167521,16.301450,17.428002,18.551476,19.674094,20.806875,21.935077,23.056718,24.166591,25.309778,26.485389,27.742223,29.139361,30.294020,31.992793,33.605518,35.726211,37.909633
j_27,55.555291,44.327828,24.387309,23.705720,23.196103,22.780452,20.785682,18.570726,16.519542,15.079430,14.063102,14.679321,15.043324,15.975186,17.094726,14.971759,15.776792,14.451201,9.952506,6.248691,4.911781,3.030641,2.113326,0.913646,0.416606,0.208658,0.116529,0.000000,0.091562,0.288332,0.718668,1.460855,2.500190,3.763489,5.075660,6.400975,7.712217,9.056111,10.304128,11.445648,12.569998,13.606966,14.755771,15.880737,17.003568,18.120332,19.235299,20.358991,21.481291,22.595291,23.701818,24.836464,26.007289,27.260339,28.655551,30.081961,31.786246,33.415593,35.552749,37.763232
j_28,57.879873,46.165557,25.421577,24.485031,24.006864,23.549365,21.440145,19.020438,16.944896,15.532583,14.623375,15.505591,16.258218,17.494533,18.784954,16.546650,17.451120,16.005107,11.112383,7.183037,5.727144,3.615759,2.562990,1.175195,0.622740,0.399332,0.282516,0.091562,0.000000,0.128803,0.518615,1.237659,2.263869,3.501262,4.788085,6.087307,7.370005,8.687457,9.913027,11.038667,12.151653,13.174298,14.317796,15.438895,16.555722,17.665851,18.769406,19.882291,20.990924,22.096290,23.186942,24.307510,25.462207,26.700412,28.075398,29.468643,31.131212,32.717023,34.800423,36.966577
j_29,60.195378,48.003015,26.453853,25.324848,24.858232,24.372006,22.143326,19.532264,17.419607,16.033766,15.183716,16.051403,17.253508,18.746859,20.408533,18.106632,19.109716,17.544835,12.261129,8.095276,6.504558,4.165109,2.976042,1.451220,0.895323,0.671530,0.530994,0.288332,0.128803,0.000000,0.328004,1.002876,2.001448,3.205780,4.458713,5.724830,6.974046,8.266489,9.462742,10.563427,11.647553,12.650741,13.776016,14.883458,15.980790,17.070074,18.149621,19.240270,20.322693,21.408574,22.472466,23.569474,24.701474,25.921741,27.275247,28.634603,30.261258,31.807884,33.844043,35.977226
j_30,62.478245,49.825270,27.457984,26.175049,25.736384,25.216129,22.878953,20.141602,17.967565,16.479662,15.612488,16.357005,17.428262,18.790257,20.350303,19.583831,20.726302,19.056210,13.349931,8.884694,7.128092,4.580635,3.298553,1.797683,1.314245,1.119953,0.966918,0.718668,0.518615,0.328004,0.000000,0.483506,1.328983,2.375274,3.477542,4.591227,5.678598,6.816944,7.817912,8.729206,9.643272,10.509611,11.481698,12.446745,13.392599,14.329177,15.255730,16.196606,17.127430,18.073772,19.004053,19.970847,20.963133,22.027311,23.213347,24.383519,25.817344,27.181976,29.096471,31.130193
j_31,64.909965,51.836526,28.511795,27.046115,26.633113,26.130844,23.719750,20.931314,18.711990,17.096167,16.076271,16.579034,17.413794,18.620179,20.119674,21.032990,22.392502,20.641197,14.468575,9.361830,7.530016,5.051106,3.927871,2.451447,2.027775,1.885702,1.723542,1.460855,1.237659,1.002876,0.483506,0.000000,0.404215,1.111829,1.874080,2.625333,3.376795,4.180258,4.818823,5.375339,5.961912,6.507670,7.139599,7.775904,8.398234,9.012159,9.625686,10.243142,10.848411,11.439046,12.047329,12.672127,13.318326,14.031886,14.871623,15.743282,16.927043,18.085002,19.948242,22.003712
j_32,67.528974,54.064722,29.764593,28.030274,27.708078,27.229780,24.750382,21.963897,19.717530,17.967395,16.796956,17.198464,18.091460,19.356458,20.975697,22.535764,24.209076,22.381309,15.744222,9.862591,8.108495,5.813818,4.883736,3.406161,3.033978,2.955286,2.785583,2.500190,2.263869,2.001448,1.328983,0.404215,0.000000,0.591418,1.240296,1.842679,2.463001,3.133179,3.591521,4.019520,4.525482,4.974373,5.431844,5.907201,6.403529,6.902855,7.415817,7.916923,8.442825,8.905767,9.454215,9.961079,10.460443,10.982100,11.587521,12.346579,13.494577,14.675352,16.619720,18.787962
j_33,69.955337,56.128361,30.880112,29.235991,28.894439,28.480637,25.915488,23.180193,20.898749,19.065360,17.764747,18.015051,18.694405,19.590479,20.813465,22.082353,23.634158,23.912661,16.850630,10.474354,8.956986,6.774838,5.989312,4.556775,4.264268,4.240794,4.063736,3.763489,3.501262,3.205780,2.375274,1.111829,0.591418,0.000000,0.250437,0.426252,0.723314,1.120905,1.512438,2.024384,2.626749,3.323421,4.022996,4.775227,5.477133,6.159916,6.803327,7.431801,8.011801,8.617975,9.214275,9.822003,10.408217,11.016670,11.619775,12.159297,12.919807,13.747744,15.341470,17.241055
j_34,72.263509,58.114733,31.935931,30.472992,30.128441,29.774969,27.123081,24.429873,22.100095,20.203981,18.795611,18.875981,19.416297,20.230268,21.370685,22.520940,23.972846,25.348741,17.883885,11.113216,9.833454,7.777894,7.143871,5.759438,5.543024,5.563837,5.380527,5.075660,4.788085,4.458713,3.477542,1.874080,1.240296,0.250437,0.000000,0.240544,0.514750,0.989441,1.451252,2.002422,2.629832,3.361212,4.085766,4.868290,5.578399,6.281942,6.939346,7.575648,8.133877,8.729321,9.281230,9.871529,10.426290,11.024476,11.593216,12.082315,12.836042,13.617256,15.124569,16.893774
j_35,74.743275,60.248866,33.116811,31.753933,31.388568,31.103924,28.367473,25.719174,23.348079,21.366090,19.811590,19.714838,20.152129,21.048686,22.305479,23.606768,25.189474,26.757953,19.033928,11.722570,10.687250,8.781558,8.306720,6.962031,6.827626,6.906341,6.718241,6.400975,6.087307,5.724830,4.591227,2.625333,1.842679,0.426252,0.240544,0.000000,0.203933,0.525770,0.908423,1.389730,1.956544,2.614736,3.266167,3.971297,4.620106,5.250555,5.842378,6.419858,6.946589,7.498318,8.030793,8.570211,9.084864,9.609162,10.127685,10.571204,11.269530,12.042455,13.613544,15.522586
j_36,77.142661,62.337737,34.278416,33.042621,32.687179,32.452993,29.618558,27.009454,24.594839,22.518612,20.831200,20.590325,20.915746,21.810697,23.049475,24.280578,25.789987,27.280190,20.117540,12.350385,11.531407,9.785620,9.452409,8.146131,8.096815,8.229851,8.039487,7.712217,7.370005,6.974046,5.678598,3.376795,2.463001,0.723314,0.514750,0.203933,0.000000,0.295097,0.639629,1.075843,1.611959,2.234195,2.853287,3.524428,4.120305,4.700118,5.230231,5.744579,6.205510,6.714240,7.177715,7.664153,8.111960,8.555135,8.986440,9.342016,10.036007,10.786455,12.309232,14.136149
j_37,79.651078,64.528065,35.541957,34.370108,34.008372,33.820003,30.905187,28.350197,25.922848,23.724526,21.902592,21.519742,21.714790,22.718188,24.060265,25.422513,27.040193,28.624623,21.292252,13.044460,12.442536,10.861615,10.660425,9.382078,9.407794,9.596729,9.403178,9.056111,8.687457,8.266489,6.816944,4.180258,3.133179,1.120905,0.989441,0.525770,0.295097,0.000000,0.337515,0.772298,1.321392,1.937263,2.584595,3.266221,3.905578,4.510957,5.083395,5.649115,6.195675,6.762602,7.320908,7.883625,8.437961,8.964486,9.531514,9.835135,10.558869,11.391069,13.006432,14.958598
j_38,82.126298,66.661954,36.767164,35.552534,35.241583,35.071414,32.075975,29.579115,27.130463,24.782742,22.835908,22.333633,22.542945,23.612451,25.029318,26.426390,28.080903,29.682706,22.454448,13.660858,13.218023,11.802714,11.750402,10.518655,10.622940,10.867692,10.668952,10.304128,9.913027,9.462742,7.817912,4.818823,3.591521,1.512438,1.451252,0.908423,0.639629,0.337515,0.000000,0.266009,0.688915,1.198764,1.712530,2.280340,2.815573,3.330962,3.825735,4.311673,4.796325,5.296956,5.830778,6.365388,6.872319,7.351179,7.844434,8.332332,9.160167,10.085733,11.780549,13.741348
j_39,84.617804,68.820976,37.995834,36.717959,36.484349,36.312970,33.238211,30.753130,28.255249,25.732639,23.632562,23.027994,23.296433,24.360534,25.804843,27.183339,28.828034,30.406455,23.563120,14.136177,13.819731,12.599437,12.709035,11.539092,11.723426,12.027488,11.822781,11.445648,11.038667,10.563427,8.729206,5.375339,4.019520,2.024384,2.002422,1.389730,1.075843,0.772298,0.266009,0.000000,0.198322,0.490290,0.788179,1.136654,1.442964,1.725345,1.994147,2.263698,2.549167,2.848035,3.201232,3.554172,3.908521,4.270611,4.745904,5.270263,6.182411,7.145968,8.840808,10.807240
j_40,87.126145,71.002985,39.253292,37.939685,37.770258,37.591129,34.437574,31.943028,29.372750,26.679295,24.412847,23.692750,24.050156,25.116838,26.573866,27.959244,29.598706,31.179251,24.659833,14.580441,14.358436,13.341185,13.616972,12.537293,12.809216,13.172415,12.958807,12.569998,12.151653,11.647553,9.643272,5.961912,4.525482,2.626749,2.629832,1.956544,1.611959,1.321392,0.688915,0.198322,0.000000,0.269396,0.538367,0.870286,1.140288,1.381135,1.615067,1.854669,2.102944,2.392129,2.722684,3.076013,3.462687,3.905570,4.486520,5.106158,6.086002,7.102565,8.794554,10.769774
j_41,89.685183,73.228384,40.521128,39.088204,39.014423,38.833674,35.597126,33.071936,30.438702,27.561716,25.114580,24.310958,24.832133,25.998160,27.552335,29.000629,30.685387,32.288680,25.785979,14.985226,14.839566,14.042405,14.497049,13.453604,13.801706,14.230772,14.011081,13.606966,13.174298,12.650741,10.509611,6.507670,4.974373,3.323421,3.361212,2.614736,2.234195,1.937263,1.198764,0.490290,0.269396,0.000000,0.207058,0.405584,0.627156,0.845306,1.075561,1.322332,1.640005,1.923684,2.273928,2.597922,2.951128,3.353363,3.920660,4.597114,5.680589,6.784526,8.562193,10.617655
j_42,92.325037,75.537010,41.880574,40.292003,40.336836,40.146709,36.832111,34.284835,31.576522,28.515061,25.885380,24.989351,25.669595,26.865342,28.474060,29.972315,31.732647,33.434480,27.005250,15.454581,15.392133,14.825676,15.468500,14.468418,14.892152,15.392874,15.167521,14.755771,14.317796,13.776016,11.481698,7.139599,5.431844,4.022996,4.085766,3.266167,2.853287,2.584595,1.712530,0.788179,0.538367,0.207058,0.000000,0.098612,0.212226,0.349473,0.536184,0.731417,1.025134,1.265618,1.620134,1.919545,2.229932,2.556142,3.039560,3.702305,4.801769,5.927930,7.755429,9.860699
j_43,95.000742,77.881553,43.266907,41.485984,41.661863,41.458588,38.067051,35.486654,32.708724,29.458832,26.647054,25.685104,26.540547,27.791082,29.449579,30.985327,32.782278,34.512547,28.254816,15.950777,15.953552,15.614052,16.438861,15.466052,15.958224,16.530811,16.301450,15.880737,15.438895,14.883458,12.446745,7.775904,5.907201,4.775227,4.868290,3.971297,3.524428,3.266221,2.280340,1.136654,0.870286,0.405584,0.098612,0.000000,0.134494,0.293068,0.511447,0.742747,1.079172,1.341250,1.721801,2.033433,2.368532,2.711560,3.234476,3.952830,5.110332,6.289468,8.168334,10.323397
j_44,97.595320,80.156572,44.592424,42.692357,42.982447,42.768274,39.294110,36.681042,33.823391,30.399076,27.409626,26.374678,27.194667,28.358546,29.925276,31.368801,33.077126,34.732221,29.431023,16.415446,16.492904,16.381334,17.324870,16.452284,17.020146,17.661354,17.428002,17.003568,16.555722,15.980790,13.392599,8.398234,6.403529,5.477133,5.578399,4.620106,4.120305,3.905578,2.815573,1.442964,1.140288,0.627156,0.212226,0.134494,0.000000,0.065172,0.181247,0.312178,0.537913,0.721261,0.997207,1.229980,1.487816,1.778468,2.258544,2.907311,3.997082,5.094585,6.885663,8.947118
j_45,100.192703,82.431010,45.917750,43.906305,44.298464,44.074421,40.518073,37.874919,34.942491,31.343900,28.173292,27.065185,27.877978,29.033342,30.588363,32.032208,33.739178,35.392081,30.604310,16.877138,17.033698,17.148851,18.085904,17.435182,18.079062,18.789855,18.551476,18.120332,17.665851,17.070074,14.329177,9.012159,6.902855,6.159916,6.281942,5.250555,4.700118,4.510957,3.330962,1.725345,1.381135,0.845306,0.349473,0.293068,0.065172,0.000000,0.086203,0.197479,0.409594,0.588462,0.857608,1.086270,1.354093,1.655795,2.152447,2.799686,3.870911,4.953467,6.734799,8.794417
j_46,102.732992,84.658696,47.201706,45.133022,45.619580,45.391758,41.745893,39.071796,36.061324,32.295276,28.941082,27.749649,28.523120,29.614575,31.101509,32.476354,34.119190,35.702509,31.714818,17.311720,17.571216,17.910839,18.837253,18.414784,19.139414,19.918957,19.674094,19.235299,18.769406,18.149621,15.255730,9.625686,7.415817,6.803327,6.939346,5.842378,5.230231,5.083395,3.825735,1.994147,1.615067,1.075561,0.536184,0.511447,0.181247,0.086203,0.000000,0.056097,0.209591,0.370965,0.586252,0.774252,0.996319,1.278978,1.743659,2.342348,3.364070,4.389440,6.096437,8.083606
j_47,105.268610,86.886738,48.483350,46.357492,46.938842,46.709423,42.975007,40.271544,37.183363,33.254364,29.720954,28.428998,29.193388,30.274628,31.751238,33.112020,34.749539,36.326363,32.819431,17.737912,18.117775,18.686829,19.629131,19.409077,20.212043,21.058823,20.806875,20.358991,19.882291,19.240270,16.196606,10.243142,7.916923,7.431801,7.575648,6.419858,5.744579,5.649115,4.311673,2.263698,1.854669,1.322332,0.731417,0.742747,0.312178,0.197479,0.056097,0.000000,0.126182,0.255156,0.452378,0.620237,0.818276,1.086940,1.537002,2.139033,3.160889,4.188863,5.900397,7.883246
j_48,107.729164,89.047542,49.698145,47.586707,48.240263,48.017883,44.194701,41.460007,38.287583,34.215153,30.509044,29.093540,29.792495,30.782718,32.162932,33.435969,34.997783,36.502709,33.856161,18.137221,18.660126,19.423792,20.352826,20.403667,21.287355,22.194610,21.935077,21.481291,20.990924,20.322693,17.127430,10.848411,8.442825,8.011801,8.133877,6.946589,6.205510,6.195675,4.796325,2.549167,2.102944,1.640005,1.025134,1.079172,0.537913,0.409594,0.209591,0.126182,0.000000,0.134366,0.245156,0.401473,0.590816,0.892327,1.357287,1.923735,2.888270,3.844655,5.478836,7.380147
j_49,110.268991,91.274707,50.957127,48.775260,49.517719,49.302421,45.399635,42.631667,39.385547,35.165875,31.286163,29.746331,30.476997,31.549407,33.016957,34.373194,36.021330,37.608282,34.971790,18.536842,19.083971,19.864834,20.823919,21.401854,22.352538,23.323321,23.056718,22.595291,22.096290,21.408574,18.073772,11.439046,8.905767,8.617975,8.729321,7.498318,6.714240,6.762602,5.296956,2.848035,2.392129,1.923684,1.265618,1.341250,0.721261,0.588462,0.370965,0.255156,0.134366,0.000000,0.158808,0.271868,0.434901,0.700245,1.158238,1.781746,2.817373,3.850738,5.589275,7.588179
j_50,112.703899,93.413496,52.136568,49.996378,50.801839,50.602961,46.610255,43.802981,40.474239,36.129826,32.081980,30.418711,31.099972,32.074964,33.431291,34.675711,36.204983,37.679540,35.988455,18.936020,19.487376,20.256871,21.191622,22.174575,23.232789,24.349010,24.166591,23.701818,23.186942,22.472466,19.004053,12.047329,9.454215,9.214275,9.281230,8.030793,7.177715,7.320908,5.830778,3.201232,2.722684,2.273928,1.620134,1.721801,0.997207,0.857608,0.586252,0.452378,0.245156,0.158808,0.000000,0.130949,0.302736,0.612532,1.090808,1.661644,2.632786,3.575172,5.191799,7.072489
j_51,115.244518,95.649226,53.401707,51.229844,52.117449,51.935841,47.853806,45.005513,41.600803,37.123624,32.892705,31.110042,31.842766,32.900527,34.351259,35.692091,37.326690,38.895842,37.102775,19.359116,19.936848,20.746000,21.727247,22.740863,23.824748,24.973826,25.309778,24.836464,24.307510,23.569474,19.970847,12.672127,9.961079,9.822003,9.871529,8.570211,7.664153,7.883625,6.365388,3.554172,3.076013,2.597922,1.919545,2.033433,1.229980,1.086270,0.774252,0.620237,0.401473,0.271868,0.130949,0.000000,0.108149,0.345186,0.773663,1.365864,2.379597,3.378947,5.073474,7.047966
j_52,117.754519,97.858389,54.647834,52.459436,53.435297,53.276113,49.103229,46.225604,42.743575,38.131227,33.720915,31.805854,32.533182,33.559438,34.983906,36.294768,37.901537,39.449260,38.202159,19.789000,20.390243,21.224492,22.237961,23.279929,24.394381,25.575390,26.485389,26.007289,25.462207,24.701474,20.963133,13.318326,10.460443,10.408217,10.426290,9.084864,8.111960,8.437961,6.872319,3.908521,3.462687,2.951128,2.229932,2.368532,1.487816,1.354093,0.996319,0.818276,0.590816,0.434901,0.302736,0.108149,0.000000,0.174277,0.508617,1.034561,2.005643,2.962438,4.626601,6.561883
j_53,120.347455,100.145899,55.979948,53.719001,54.797108,54.656434,50.394842,47.507625,43.961199,39.201312,34.620360,32.596358,33.351610,34.460814,35.971611,37.376224,39.073207,40.723905,39.411126,20.337184,21.040105,21.969265,23.071273,24.187026,25.374930,26.631912,27.742223,27.260339,26.700412,25.921741,22.027311,14.031886,10.982100,11.016670,11.024476,9.609162,8.555135,8.964486,7.351179,4.270611,3.905570,3.353363,2.556142,2.711560,1.778468,1.655795,1.278978,1.086940,0.892327,0.700245,0.612532,0.345186,0.174277,0.000000,0.243164,0.737441,1.698868,2.676264,4.409706,6.427024
j_54,122.906667,102.414125,57.332240,55.055020,56.240731,56.129753,51.774036,48.901393,45.291212,40.390676,35.647782,33.489324,34.219120,35.296550,36.775161,38.158283,39.839913,41.478311,40.640678,20.998042,21.838344,22.894505,24.127628,25.379307,26.703970,28.030730,29.139361,28.655551,28.075398,27.275247,23.213347,14.871623,11.587521,11.619775,11.593216,10.127685,8.986440,9.531514,7.844434,4.745904,4.486520,3.920660,3.039560,3.234476,2.258544,2.152447,1.743659,1.537002,1.357287,1.158238,1.090808,0.773663,0.508617,0.243164,0.000000,0.399116,1.288588,2.206484,3.869135,5.812524
j_55,125.270140,104.479570,58.529914,56.453276,57.660640,57.600559,53.149372,50.314666,46.637643,41.610997,36.713716,34.410061,34.972491,35.822118,37.058193,38.291213,39.777337,41.250899,41.733088,21.697696,22.577414,23.624112,24.830936,26.092510,27.452975,28.873631,30.294020,30.081961,29.468643,28.634603,24.383519,15.743282,12.346579,12.159297,12.082315,10.571204,9.342016,9.835135,8.332332,5.270263,5.106158,4.597114,3.702305,3.952830,2.907311,2.799686,2.342348,2.139033,1.923735,1.781746,1.661644,1.365864,1.034561,0.737441,0.399116,0.000000,0.553024,1.143525,2.514444,4.233716
j_56,127.600593,106.527233,59.826609,58.155830,59.257561,59.293452,54.771478,52.001102,48.259867,43.123526,38.063545,35.545498,35.765314,36.372078,37.403040,38.636845,40.090589,41.577606,42.767124,22.686270,23.757344,24.935596,26.281473,27.634963,29.101644,30.576851,31.992793,31.786246,31.131212,30.261258,25.817344,16.927043,13.494577,12.919807,12.836042,11.269530,10.036007,10.558869,9.160167,6.182411,6.086002,5.680589,4.801769,5.110332,3.997082,3.870911,3.364070,3.160889,2.888270,2.817373,2.632786,2.379597,2.005643,1.698868,1.288588,0.553024,0.000000,0.295495,1.440996,3.052995
j_57,129.780039,108.432593,60.996368,59.828399,60.819435,60.955282,56.359232,53.625036,49.801888,44.574896,39.350413,36.635945,36.479029,36.872396,37.747973,38.819930,40.112096,41.445465,42.505067,23.640006,24.763205,26.002930,27.374982,28.838999,30.405300,32.024194,33.605518,33.415593,32.717023,31.807884,27.181976,18.085002,14.675352,13.747744,13.617256,12.042455,10.786455,11.391069,10.085733,7.145968,7.102565,6.784526,5.927930,6.289468,5.094585,4.953467,4.389440,4.188863,3.844655,3.850738,3.575172,3.378947,2.962438,2.676264,2.206484,1.143525,0.295495,0.000000,0.993590,2.430056
j_58,131.579385,110.228077,62.511331,62.145715,63.046859,63.257757,58.561065,55.825175,51.896180,46.612751,41.265868,38.400862,37.846262,37.794156,38.597763,39.625857,40.719075,41.791596,42.962059,25.273285,26.520603,27.807709,29.233939,30.839135,32.512584,34.159636,35.726211,35.552749,34.800423,33.844043,29.096471,19.948242,16.619720,15.341470,15.124569,13.613544,12.309232,13.006432,11.780549,8.840808,8.794554,8.562193,7.755429,8.168334,6.885663,6.734799,6.096437,5.900397,5.478836,5.589275,5.191799,5.073474,4.626601,4.409706,3.869135,2.514444,1.440996,0.993590,0.000000,0.814501
j_59,132.723807,111.583653,63.977115,64.466495,65.325962,65.573724,60.786278,58.052379,54.033904,48.727679,43.355850,40.397132,39.499768,39.026641,39.589324,40.473381,41.376592,42.206417,43.361849,27.172742,28.509762,29.803798,31.243643,32.966319,34.712730,36.360849,37.909633,37.763232,36.966577,35.977226,31.130193,22.003712,18.787962,17.241055,16.893774,15.522586,14.136149,14.958598,13.741348,10.807240,10.769774,10.617655,9.860699,10.323397,8.947118,8.794417,8.083606,7.883246,7.380147,7.588179,7.072489,7.047966,6.561883,6.427024,5.812524,4.233716,3.052995,2.430056,0.814501,0.000000

