
,city011_001,city011_002,city011_003,city011_004,city011_005,city011_006,city011_007,city011_008,city011_009,city011_010,city011_011,city011_012,city011_013,city011_014,city011_015,city011_016,city011_017,city011_018,city011_019,city011_020,city011_021,city011_022,city011_023,city011_024,city011_025,city011_026,city011_027,city011_028,city011_029,city011_030,city011_031,city011_032,city011_033,city011_034,city011_035,city011_036,city011_037,city011_038,city011_039,city011_040,city011_041,city011_042,city011_043,city011_044,city011_045,city011_046,city011_047,city011_048,city011_049,city011_050,city011_051,city011_052,city011_053,city011_054,city011_055,city011_056,city011_057,city011_058,city011_059,city011_060,city011_061,city011_062,city011_063,city011_064,city011_065,city011_066,city011_067,city011_068,city011_069,city011_070,city011_071,city011_072,city011_073,city011_074,city011_075,city011_076,city011_077,city011_078,city011_079,city011_080,city011_081,city011_082,city011_083,city011_084,city011_085,city011_086,city011_087,city011_088,city011_089,city011_090,city011_091,city011_092,city011_093,city011_094,city011_095,city011_096,city011_097,city011_098,city011_099,city011_100
city011_001,0.000000,0.918036,0.976535,0.918615,0.790800,0.901942,0.986547,0.945412,0.971926,0.893239,0.882075,0.864997,0.910911,0.928586,0.930771,0.822676,0.948868,1.322314,0.894982,0.928276,0.771758,1.074424,0.913406,1.082659,0.838135,0.681720,1.134238,1.009267,1.034953,0.906577,0.801132,0.957606,1.000780,1.083902,0.962585,0.774001,1.134556,0.971380,0.815735,1.333910,0.935559,0.838813,1.019685,0.832744,0.835973,0.991122,0.938752,0.978952,0.904602,1.010288,1.090257,1.161479,0.956946,0.980319,0.817252,0.889939,0.981042,0.878458,1.071654,0.960857,0.892848,0.949740,0.750758,1.041466,0.878991,0.982811,0.909191,0.904184,1.141320,1.045436,1.001203,1.148553,0.895663,0.923988,0.977477,0.853706,1.002287,1.118183,0.936829,0.902677,1.065148,0.976681,0.777083,1.047164,1.006176,0.768202,1.039731,0.865753,0.887400,1.027408,0.913210,0.974410,1.107720,0.847573,0.820680,0.975286,0.854276,0.824057,0.973398,0.926158
city011_002,0.918036,0.000000,0.660871,0.791182,0.941925,0.807793,0.933583,1.038892,0.874790,1.175543,0.965849,0.857052,0.760274,0.965560,0.979175,0.782431,0.790213,0.960514,0.887805,0.734080,0.788141,1.054822,0.645238,0.888846,0.962115,0.923402,0.926789,0.878173,0.805090,0.808051,0.947238,0.940198,0.857407,0.752831,0.998460,0.921839,0.968830,0.899981,1.023769,1.196804,0.923041,0.945637,1.059090,1.024339,0.927094,0.896622,0.893726,0.865655,0.946801,0.770714,0.743893,1.231306,0.993759,0.968902,0.999040,0.829974,0.951603,0.768716,1.021490,0.748763,0.779362,0.801259,0.905002,0.880215,0.890798,0.736242,0.943265,1.012837,1.015909,0.985987,1.156807,1.065340,0.889593,0.946980,0.841798,0.907924,1.052237,0.994402,1.029674,1.025286,0.834788,0.733540,0.884329,0.951719,0.949962,0.834778,0.906175,0.792884,0.873983,0.889574,0.925247,1.161210,1.008158,0.917176,0.893767,0.700035,1.055442,0.899594,0.908807,0.802768
city011_003,0.976535,0.660871,0.000000,0.715590,0.977767,0.749715,1.024463,1.077913,0.734398,1.041619,0.770174,0.785913,0.690708,0.870565,0.953966,0.797810,0.826356,1.155555,0.803050,0.814998,0.759510,1.038908,0.768340,0.776025,0.972391,1.051064,0.877438,0.961096,0.810707,0.706737,0.985707,0.971842,0.822189,0.677058,1.054647,0.917519,0.967993,0.858215,1.077503,1.314366,0.840832,0.929220,1.248807,0.888730,0.905819,0.821958,0.712548,0.957471,0.897330,0.937737,0.846321,1.306360,1.142369,0.968380,1.041907,0.787531,1.021636,0.897319,0.970470,0.725185,1.010825,0.868739,1.028458,0.968072,0.836137,0.933203,1.017606,1.083348,1.044240,1.129943,1.255338,1.033083,0.878155,1.014156,0.943323,0.927112,1.092041,1.024105,0.956268,1.158812,0.843847,0.769848,0.999624,0.970820,0.929588,0.942119,1.003296,0.911120,0.883192,0.857239,0.894644,1.176281,1.016301,1.048195,0.977309,0.878816,0.994365,1.004743,0.805788,0.752196
city011_004,0.918615,0.791182,0.715590,0.000000,1.075691,0.865786,0.971250,0.920783,0.744476,1.046136,0.819770,0.564423,0.865490,1.073642,0.859493,0.851421,0.621031,1.285922,1.013290,0.880603,0.880588,0.996563,0.933095,0.710352,0.709458,1.102093,0.840481,1.149834,0.708993,0.917651,0.987010,0.794931,0.993226,0.916803,0.845101,1.072774,0.868569,0.798587,0.882006,1.369690,0.973755,0.965806,1.199970,0.829137,0.980287,0.739201,0.757516,0.961944,0.837634,1.059839,0.717134,1.336432,1.228734,0.851713,0.967180,0.866703,0.952218,0.995025,1.066499,0.862850,1.003556,0.873784,1.035180,0.934742,1.001451,0.970076,0.769617,0.904470,1.191691,0.875649,1.278969,1.234556,0.733366,1.020461,1.134557,0.925625,1.244768,1.075780,0.892957,1.104610,0.775537,0.927915,0.943197,0.975279,0.882893,1.068219,0.925739,0.875484,1.079282,0.714925,0.582811,1.068316,1.088292,0.816218,1.001558,0.924440,0.987665,1.098295,0.809643,0.909716
city011_005,0.790800,0.941925,0.977767,1.075691,0.000000,0.771143,0.879328,0.923895,0.864048,0.849073,0.797507,0.989266,0.870934,0.763728,0.956732,1.080085,0.978004,1.005462,0.784114,0.937680,0.894827,0.957236,0.920939,0.983240,0.992325,0.771420,1.019993,0.837551,0.911995,0.860375,0.825005,0.977683,0.925296,0.918880,0.994380,0.783848,1.090989,0.889527,0.905472,1.086250,0.875223,0.865400,0.873848,0.875862,0.841846,0.984346,0.965281,0.920614,0.818419,0.940047,1.092790,1.071616,0.865604,0.888340,0.909734,0.864063,0.800750,0.940384,0.831311,0.941378,0.840498,1.019191,0.862278,0.919438,0.651891,1.068226,1.049104,1.002363,0.905898,1.037193,0.947617,0.900329,0.894574,0.854346,0.900850,1.004959,0.920409,0.901125,0.930004,0.916727,1.011799,1.097729,0.868243,0.904141,0.882652,0.753583,0.998136,0.927982,0.756420,1.034156,1.003264,0.955467,0.874214,0.927559,0.905898,1.057777,0.819420,0.859006,0.945248,0.951913
city011_006,0.901942,0.807793,0.749715,0.865786,0.771143,0.000000,0.963245,0.867837,0.930664,0.786874,0.777118,0.926949,0.812439,0.928203,0.984731,0.832964,0.942527,0.998257,0.885701,0.804983,0.747057,1.047023,0.898222,0.805520,1.091538,0.867219,0.934918,0.990417,0.815825,0.736716,0.951918,0.974824,0.909502,0.714588,1.120724,0.962174,1.075047,0.938667,1.049434,1.092814,0.985377,1.037705,1.047545,1.019075,0.887599,1.047917,0.920352,1.029300,0.926127,0.799230,0.984331,1.129213,1.115058,0.962490,1.011532,0.835601,1.051129,0.870862,0.982345,0.704284,1.037271,0.872177,0.797070,0.973571,0.820964,0.914870,1.082136,1.134176,1.078739,1.105831,0.952984,1.054943,0.887718,0.907972,1.103282,0.956870,1.017423,1.082860,1.049068,1.070925,1.065933,0.826223,1.037390,1.027663,1.011508,0.944662,1.041127,0.959065,0.930280,1.002803,0.990696,0.967835,1.082365,0.905137,1.055246,0.958292,0.990960,1.016438,1.001379,0.842149
city011_007,0.986547,0.933583,1.024463,0.971250,0.879328,0.963245,0.000000,1.033497,1.047169,0.859625,1.063785,0.995763,1.051433,0.882995,1.023764,1.177166,0.873202,0.654183,0.905649,1.030078,1.112907,0.809067,1.090411,0.997347,1.148750,0.942450,0.986234,0.966345,0.866311,1.049907,0.776018,0.991765,1.073884,1.028361,1.219005,1.010356,1.033402,1.057983,1.030745,0.739869,0.679155,0.963093,0.876576,1.192056,0.748401,1.097901,1.175638,0.821877,1.211843,1.125799,0.956070,0.732284,0.854900,0.926014,1.032090,0.918791,0.823592,1.107418,0.917786,1.006281,1.015972,1.132728,1.002472,0.950387,0.922403,1.087940,1.152811,1.157821,0.856747,0.669096,0.743791,0.663403,0.879556,1.022358,0.911023,0.840274,0.943650,1.004953,0.880344,1.040280,1.090643,1.013526,1.095312,1.029248,0.939228,0.896351,0.802172,0.826650,0.947664,1.031115,0.981699,0.775202,0.642038,0.771959,1.050111,1.054716,0.766084,0.991266,1.128391,1.013916
city011_008,0.945412,1.038892,1.077913,0.920783,0.923895,0.867837,1.033497,0.000000,0.949414,1.040892,0.832741,0.898749,0.999056,0.886822,0.886425,1.047922,0.970252,1.013115,0.908051,1.185152,1.038187,0.852253,1.054183,0.851140,1.028309,0.989792,0.848668,0.927814,0.959664,1.084581,0.895820,0.901615,1.026459,1.059444,1.012292,0.952590,1.141840,0.959607,0.842977,1.026844,0.982579,0.960956,1.097468,0.961532,1.098217,0.906879,0.962499,0.959370,0.963651,1.108305,1.014516,0.958159,0.912112,1.000654,1.030230,0.963156,1.162895,1.066414,0.975691,0.864929,0.997521,1.132823,0.971454,0.921581,0.900905,0.984407,1.030661,0.995126,1.079816,0.936951,0.985963,1.018464,1.005249,1.053178,1.005082,1.169304,0.969910,0.955070,0.862586,1.051237,0.964382,1.104175,0.986593,0.851556,1.061471,0.962071,0.875870,1.093268,1.026463,0.977725,0.960591,0.947992,1.058283,0.807543,0.928141,0.932920,1.014892,1.019044,0.912703,1.147737
city011_009,0.971926,0.874790,0.734398,0.744476,0.864048,0.930664,1.047169,0.949414,0.000000,1.062040,0.739934,0.700827,0.785629,0.763961,0.829238,0.983774,0.789488,1.200921,0.755285,0.978942,0.882597,0.934481,0.856911,0.667297,0.862402,0.949967,0.860775,0.891404,0.671304,0.885943,0.962001,0.775775,0.849887,0.879026,0.912593,0.839454,0.729443,0.767913,0.936515,1.197136,0.894275,0.866794,1.042128,0.769468,0.924082,0.702752,0.584756,0.901740,0.762475,0.941874,0.808361,1.186721,0.964633,0.826399,0.974883,0.868331,0.909598,0.958129,0.783837,0.856974,0.845000,1.021597,0.901539,0.886234,0.751283,0.951782,0.871356,0.798462,0.918671,1.006059,1.158048,0.874859,0.691829,0.849770,0.915439,1.032120,0.966041,0.883833,0.930803,0.953012,0.690881,1.005527,0.857524,0.926611,0.979530,0.891795,0.919099,0.964664,0.751962,0.697528,0.789717,1.032750,0.946209,0.953001,0.894781,0.915477,0.911594,0.991513,0.644189,0.976387
city011_010,0.893239,1.175543,1.041619,1.046136,0.849073,0.786874,0.859625,1.040892,1.062040,0.000000,0.927070,1.128224,1.068571,0.903941,1.132411,1.114608,1.153656,1.051401,0.883664,0.968029,0.998980,0.889933,1.103252,1.064534,0.961617,0.818939,1.213356,1.021055,1.054160,0.984254,0.825213,1.110930,1.123578,1.015144,1.128806,0.903598,1.327593,1.126391,1.052969,0.981797,0.776307,1.003952,0.870476,1.057149,0.781396,1.198220,1.121512,0.885339,1.008231,1.050011,1.232823,0.987994,0.964915,1.080614,0.890779,1.033921,0.751745,1.153302,1.099191,1.037000,1.009847,1.028024,0.876500,1.088286,0.913261,1.096641,1.045795,1.246640,1.128509,0.780165,0.844954,0.923311,0.957439,0.987651,1.137287,0.896135,0.909224,1.133593,0.760307,1.050774,1.235326,1.001793,1.009006,1.137966,0.963307,0.988831,1.004210,0.939144,0.888870,1.209430,1.007966,0.689845,0.997985,0.885231,1.049191,1.230262,0.826634,1.045278,1.159619,1.188401
city011_011,0.882075,0.965849,0.770174,0.819770,0.797507,0.777118,1.063785,0.832741,0.739934,0.927070,0.000000,0.728017,0.803184,0.740840,0.746581,0.884170,0.802807,1.158858,0.783506,0.978554,0.808242,0.921456,0.997881,0.784717,0.836688,0.828246,0.762962,0.920084,0.741953,0.744151,0.952979,0.873129,0.940880,0.931181,0.914856,0.881306,0.850383,0.770044,0.882340,1.228911,0.962515,0.956806,1.109621,0.697537,0.938877,0.694674,0.727715,0.865434,0.654871,0.907928,0.934584,1.165051,0.977089,0.743765,0.850687,0.801755,0.966594,0.994357,0.910008,0.839801,1.002495,0.997907,0.952387,0.916154,0.842865,0.986498,0.880237,0.858433,0.992695,1.093253,1.115489,0.976828,0.781491,0.755818,1.014351,1.097895,1.049562,0.899515,0.974001,0.907946,0.872143,1.081402,0.985366,0.902570,1.020640,0.908712,1.032854,1.048436,0.800027,0.888591,0.795889,0.958272,1.039630,0.924423,0.830602,1.002528,0.942986,0.947865,0.807329,0.958875
city011_012,0.864997,0.857052,0.785913,0.564423,0.989266,0.926949,0.995763,0.898749,0.700827,1.128224,0.728017,0.000000,0.752568,1.035048,0.695320,0.741010,0.588133,1.191331,0.963813,0.990964,0.770391,0.960262,0.887859,0.666202,0.722708,1.003907,0.732350,1.090990,0.709160,0.901696,0.978005,0.807644,0.970327,0.993273,0.849616,1.045146,0.769026,0.764964,0.829424,1.325059,0.986797,1.020277,1.246436,0.821687,0.937709,0.587368,0.668761,0.936524,0.793808,1.065562,0.694984,1.243929,1.190931,0.844222,0.916951,0.965116,1.073938,1.019936,1.058785,0.949419,1.148623,0.943334,1.074998,1.017450,1.000709,1.065168,0.803410,0.734564,1.168309,0.968401,1.143446,1.157334,0.690751,0.886527,1.062530,0.984863,1.170114,1.077079,0.971079,0.942910,0.769455,1.005728,0.928000,1.053247,0.994017,1.025069,0.944732,1.024502,0.952187,0.747178,0.719872,0.940933,1.048876,0.840140,0.935682,0.997874,1.054081,1.037589,0.812775,0.970913
city011_013,0.910911,0.760274,0.690708,0.865490,0.870934,0.812439,1.051433,0.999056,0.785629,1.068571,0.803184,0.752568,0.000000,0.920712,0.872750,0.676666,0.797605,1.247223,0.897725,0.844627,0.713916,1.051402,0.794465,0.905290,0.934362,0.955318,0.975897,1.002114,0.861902,0.774002,0.940152,0.912277,0.849611,0.890729,1.033146,1.044668,0.961879,0.846828,0.913472,1.341284,0.914812,0.962382,1.127051,0.897278,0.865187,0.874765,0.780422,1.012547,0.913575,0.883005,0.821432,1.205696,1.130688,0.929374,1.068630,0.869262,0.959910,0.875767,1.075803,0.793703,1.005166,0.901199,1.029135,0.955195,0.944081,0.861750,0.926563,0.915811,1.107475,1.041468,1.172041,1.038256,0.835506,0.842196,0.939136,0.947879,1.089731,1.092319,1.053654,1.054396,0.841059,0.821839,1.006081,1.049951,0.998710,0.989653,0.975629,0.943785,0.851626,0.898519,0.906670,1.100121,1.015809,0.988297,0.973589,0.907306,0.978875,1.020504,0.871295,0.894267
city011_014,0.928586,0.965560,0.870565,1.073642,0.763728,0.928203,0.882995,0.886822,0.763961,0.903941,0.740840,1.035048,0.920712,0.000000,1.012876,1.176228,1.023878,1.000318,0.531000,1.125135,1.052869,1.003872,0.990329,0.932601,1.157207,0.802964,0.981439,0.681148,0.886661,0.790474,0.911380,1.055306,1.019798,0.886772,1.214816,0.717926,0.943136,0.970554,1.007345,1.002117,0.879319,0.733793,0.985966,0.927280,0.995870,0.879153,0.884320,0.867075,0.986314,0.982935,1.087620,0.953200,0.715784,0.955046,0.894185,0.754715,0.997498,1.061624,0.813328,0.854221,0.859499,1.165848,0.931580,0.948592,0.728316,1.014977,1.111130,1.049675,0.689915,1.051917,0.892213,0.654737,0.897436,0.797688,0.704391,1.064222,0.875729,0.880191,0.875520,0.945848,0.871005,1.088762,0.865302,0.837846,1.048473,0.731374,0.962915,0.971540,0.700097,0.955957,1.010887,0.851856,0.774511,0.829987,0.884461,0.956563,0.820209,0.858733,0.906977,1.022820
city011_015,0.930771,0.979175,0.953966,0.859493,0.956732,0.984731,1.023764,0.886425,0.829238,1.132411,0.746581,0.695320,0.872750,1.012876,0.000000,0.970981,0.600775,1.008460,0.973907,0.847039,0.985987,1.095669,1.013513,0.753468,0.841576,0.957307,0.674045,0.873951,0.737380,0.941964,1.087075,0.799350,0.902521,1.029281,0.916866,1.044189,0.761976,0.665152,0.956462,1.174307,1.124565,1.086181,1.207873,0.824455,1.128074,0.795813,0.879378,0.982433,0.875884,1.010025,0.774518,1.160638,1.173849,0.428376,0.980409,1.040684,1.073118,0.982569,0.983016,0.967321,1.073472,0.933671,1.120847,1.015377,0.883683,1.084452,0.870007,0.753651,1.003402,1.026120,1.107487,1.103524,0.707256,0.930155,1.033102,1.121232,1.112823,1.042472,0.921542,1.002508,0.820690,1.095127,1.040955,0.996967,0.938428,0.996721,0.917338,1.049098,0.982073,0.820402,0.770887,1.028814,1.074774,0.908268,0.947656,1.031140,1.094862,0.948766,0.915598,0.978083
city011_016,0.822676,0.782431,0.797810,0.851421,1.080085,0.832964,1.177166,1.047922,0.983774,1.114608,0.884170,0.741010,0.676666,1.176228,0.970981,0.000000,0.916710,1.546452,1.113057,0.714973,0.560240,1.090479,0.794706,1.041206,0.763612,0.901132,1.128442,1.161143,1.023511,0.801189,0.988623,0.954843,0.863376,0.898848,0.894013,1.018934,1.121780,0.943164,0.946719,1.525263,1.124067,1.151724,1.187161,0.887309,0.889869,0.975153,0.968907,1.093492,0.893892,0.842129,0.939077,1.412849,1.223585,1.015830,0.911749,0.994861,1.062831,0.792004,1.265640,0.833372,1.056907,0.742415,0.990471,1.065070,1.179100,0.785556,0.919592,0.895707,1.346918,1.116499,1.278932,1.356344,0.920303,0.967201,1.214536,0.956006,1.158600,1.220991,1.074451,0.913001,1.000193,0.761860,0.987183,1.107614,1.061277,1.066874,1.129133,1.006441,1.080366,1.061224,0.936010,1.177727,1.301330,0.995483,0.993942,0.813735,1.082788,0.997509,1.031886,0.736613
city011_017,0.948868,0.790213,0.826356,0.621031,0.978004,0.942527,0.873202,0.970252,0.789488,1.153656,0.802807,0.588133,0.797605,1.023878,0.600775,0.916710,0.000000,1.030173,0.969022,0.935380,0.887287,1.053012,0.952410,0.683889,0.716416,1.109211,0.666955,0.896021,0.665799,1.018431,1.064640,0.875047,1.037207,0.960330,0.861073,1.050874,0.751544,0.763409,0.938332,1.235183,0.961048,0.954278,1.200995,0.882578,0.984987,0.709828,0.761521,0.934152,0.835235,1.085435,0.615172,1.251690,1.197857,0.798438,1.015832,0.921069,0.986191,1.068410,0.977277,0.977157,1.075961,0.969205,1.108769,0.993188,0.951048,1.099265,0.744438,0.790826,1.029285,0.899922,1.219481,1.091890,0.655175,0.948791,0.846711,0.838365,1.251943,1.007742,0.845377,1.045559,0.675293,0.922308,1.004321,1.015411,0.839789,0.975811,0.866184,0.834095,0.939047,0.646300,0.542912,1.010696,0.972037,0.759816,0.900736,1.004195,0.944128,1.086371,0.753510,0.939884
city011_018,1.322314,0.960514,1.155555,1.285922,1.005462,0.998257,0.654183,1.013115,1.200921,1.051401,1.158858,1.191331,1.247223,1.000318,1.008460,1.546452,1.030173,0.000000,1.001085,1.391391,1.449458,0.992453,1.352291,0.949153,1.420128,1.121917,0.901389,0.948326,0.967358,1.181396,1.039079,1.196610,1.095328,1.014966,1.527916,1.259404,1.039983,1.185455,1.306746,0.623503,0.855250,1.169249,0.982459,1.391280,1.149304,1.027706,1.212787,0.869541,1.439552,1.197385,1.082306,0.700882,0.999369,1.130503,1.263837,1.145184,1.243410,1.363136,0.940388,1.201595,1.078873,1.510862,1.045834,0.975686,0.930891,1.259653,1.498636,1.328954,0.949749,1.021823,0.744446,0.795106,1.252361,1.087163,0.981512,1.224366,1.019227,1.057660,1.107187,1.251838,1.136484,1.202557,1.271012,1.069168,1.288359,1.049974,0.980007,1.139133,1.018688,1.095221,1.271083,0.806860,0.860169,1.085223,1.229901,1.171751,1.088253,1.089494,1.215700,1.145230
city011_019,0.894982,0.887805,0.803050,1.013290,0.784114,0.885701,0.905649,0.908051,0.755285,0.883664,0.783506,0.963813,0.897725,0.531000,0.973907,1.113057,0.969022,1.001085,0.000000,1.044762,0.987096,0.962436,0.938895,0.783553,1.105264,0.790827,0.913418,0.628982,0.807772,0.747528,0.893391,0.994112,0.995700,0.816508,1.115170,0.769282,0.897626,0.969960,0.960215,0.992386,0.813368,0.728146,0.961937,0.873564,0.912007,0.863942,0.801715,0.825048,0.924849,0.923792,0.962190,1.030932,0.800911,0.952583,0.915567,0.678257,0.909288,1.036934,0.814969,0.814371,0.886894,1.170865,0.899263,0.893655,0.768987,0.946989,1.058382,1.083903,0.780751,1.033585,0.949129,0.776116,0.863290,0.763949,0.756925,1.015861,0.936426,0.866767,0.875369,0.924732,0.832885,1.041966,0.894538,0.852317,1.002134,0.877479,0.940110,0.891664,0.644540,0.921252,1.018984,1.016940,0.890670,0.880519,0.896560,0.939689,0.812556,0.856468,0.811446,0.943087
city011_020,0.928276,0.734080,0.814998,0.880603,0.937680,0.804983,1.030078,1.185152,0.978942,0.968029,0.978554,0.990964,0.844627,1.125135,0.847039,0.714973,0.935380,1.391391,1.044762,0.000000,0.757889,1.119707,0.714665,1.115619,0.935397,0.963370,1.211077,1.021565,1.017299,0.723260,0.996357,0.914045,0.764985,0.868694,0.974165,1.035294,1.034416,0.853027,1.135077,1.398405,1.003972,1.125424,0.976678,0.923029,0.877833,1.148563,1.045578,1.171891,0.914137,0.708897,0.973806,1.331728,1.231953,0.781167,0.943318,0.954116,0.815756,0.650028,1.251234,0.728285,1.051138,0.584840,1.048613,1.007905,0.955003,0.774388,0.859712,0.996302,1.138011,0.966840,1.216362,1.340232,0.841916,0.991725,1.180061,0.759477,1.091600,1.190750,1.150366,1.052692,1.127934,0.675046,1.046984,1.194893,0.906319,1.055593,1.119105,0.826665,1.134699,1.124999,0.852334,1.230892,1.212948,0.942461,1.055290,0.908212,0.971082,1.062428,1.013444,0.702802
city011_021,0.771758,0.788141,0.759510,0.880588,0.894827,0.747057,1.112907,1.038187,0.882597,0.998980,0.808242,0.770391,0.713916,1.052869,0.985987,0.560240,0.887287,1.449458,0.987096,0.757889,0.000000,0.978359,0.732910,0.901897,0.718692,0.936399,0.987176,1.175860,0.944811,0.776353,0.828551,0.893103,0.734637,0.857263,0.873438,1.031188,1.011044,0.943501,0.972392,1.458983,0.962079,1.073235,1.078373,0.895343,0.803818,0.883440,0.861208,1.000572,0.722451,0.867161,0.877145,1.369783,1.169088,1.001322,0.885007,0.976189,0.885584,0.773468,1.132923,0.819650,0.980572,0.755666,0.992578,0.998656,1.038199,0.809896,0.933372,0.869493,1.310233,1.078724,1.160213,1.194828,0.909380,0.905063,1.179088,0.982103,1.078904,1.122733,0.976008,0.848539,0.936217,0.798304,0.864970,1.022978,0.990012,0.963235,0.974538,1.003911,0.869898,0.984590,0.894709,1.125496,1.153502,1.011688,0.967967,0.825981,1.037562,0.918574,0.981284,0.706024
city011_022,1.074424,1.054822,1.038908,0.996563,0.957236,1.047023,0.809067,0.852253,0.934481,0.889933,0.921456,0.960262,1.051402,1.003872,1.095669,1.090479,1.053012,0.992453,0.962436,1.119707,0.978359,0.000000,0.980473,0.947660,0.957108,0.919673,1.085404,0.917033,0.907780,0.952089,0.666592,0.850971,0.872685,1.053028,1.009762,0.960319,1.091752,1.113438,0.875825,0.907248,0.804731,1.011831,0.875752,1.018669,0.771148,0.929965,0.972064,0.858651,0.895008,0.990781,1.040508,0.877104,0.899738,0.997472,1.000317,0.987725,0.717240,1.099558,1.017582,1.003897,0.998928,1.145121,1.073047,0.957185,0.986669,1.098315,1.088341,1.139757,1.038079,0.704495,0.861022,0.846741,1.008347,1.047832,1.166673,1.093053,0.860257,0.988331,0.906660,1.133774,1.069201,1.091465,0.971124,1.049573,0.990654,1.022219,0.844217,1.062900,0.957637,1.032137,1.034329,0.857014,0.820242,0.986037,1.071625,1.157214,0.965389,1.090058,1.041452,1.139798
city011_023,0.913406,0.645238,0.768340,0.933095,0.920939,0.898222,1.090411,1.054183,0.856911,1.103252,0.997881,0.887859,0.794465,0.990329,1.013513,0.794706,0.952410,1.352291,0.938895,0.714665,0.732910,0.980473,0.000000,0.939844,0.845442,0.898023,1.089042,0.893633,0.884661,0.807971,0.843239,0.861744,0.759913,0.791600,0.901031,0.879946,1.034692,0.823055,0.852548,1.331946,0.934802,0.962081,1.019310,0.916498,0.839015,0.959636,0.839647,1.036376,0.905161,0.739579,0.852671,1.300207,1.000750,0.928370,0.918996,0.890880,0.878021,0.704631,1.110147,0.793320,0.866832,0.818058,0.916534,1.031505,0.898965,0.835518,0.943779,1.028327,1.103162,1.023164,1.158633,1.147493,0.901199,0.922199,0.982091,1.009540,0.984618,0.991605,1.064709,0.982565,0.905285,0.819518,0.844398,0.988328,0.858892,0.916303,0.998976,0.809084,0.961220,0.983395,0.904386,1.185313,1.087296,0.960024,0.973975,0.802594,0.991261,0.877489,0.930623,0.698027
city011_024,1.082659,0.888846,0.776025,0.710352,0.983240,0.805520,0.997347,0.851140,0.667297,1.064534,0.784717,0.666202,0.905290,0.932601,0.753468,1.041206,0.683889,0.949153,0.783553,1.115619,0.901897,0.947660,0.939844,0.000000,0.782552,1.062508,0.621133,0.869734,0.540101,0.950438,1.048609,0.807323,0.897797,0.755003,0.930255,1.067488,0.662048,0.778531,0.945992,1.101519,0.980371,0.957076,1.199520,0.911977,1.036912,0.674754,0.623368,0.941351,0.883478,1.041864,0.741554,1.227180,1.185017,0.813899,1.156236,0.916253,1.068741,1.147726,0.921803,0.908909,0.958340,1.180528,0.976705,0.919933,0.840040,1.145655,0.956964,1.018225,1.003023,1.051153,1.096288,1.010827,0.740273,0.900476,1.044477,1.126161,1.118414,0.920794,0.838501,1.126400,0.717485,1.058413,0.948164,0.878090,0.929567,1.065979,0.872498,1.005111,0.906470,0.737550,0.767254,1.128925,1.070945,0.923155,0.983740,1.099032,1.012465,1.071570,0.727812,1.002556
city011_025,0.838135,0.962115,0.972391,0.709458,0.992325,1.091538,1.148750,1.028309,0.862402,0.961617,0.836688,0.722708,0.934362,1.157207,0.841576,0.763612,0.716416,1.420128,1.105264,0.935397,0.718692,0.957108,0.845442,0.782552,0.000000,0.904140,0.912488,1.097163,0.794990,0.999540,0.997167,0.762498,0.946412,1.077492,0.683364,0.947545,0.925679,0.728671,0.867482,1.434099,1.075365,1.041097,1.147030,0.683160,1.028954,0.767762,0.776476,1.041862,0.720978,0.988326,0.761595,1.467839,1.197398,0.837093,0.820781,1.063571,0.959452,0.959135,1.110080,1.023396,1.008704,0.938440,0.978029,1.023843,1.119230,0.932880,0.759168,0.744773,1.305361,0.983550,1.276311,1.348026,0.795725,0.921311,1.221327,1.092558,1.093581,1.026704,0.918125,0.807688,0.799039,1.023152,0.919076,1.035737,0.813885,1.011068,0.947186,0.965386,1.034067,0.815430,0.671573,1.070658,1.244950,0.966787,0.889339,0.996912,1.132128,0.894062,0.892987,0.878287
city011_026,0.681720,0.923402,1.051064,1.102093,0.771420,0.867219,0.942450,0.989792,0.949967,0.818939,0.828246,1.003907,0.955318,0.802964,0.957307,0.901132,1.109211,1.121917,0.790827,0.963370,0.936399,0.919673,0.898023,1.062508,0.904140,0.000000,1.170979,0.743112,0.943892,0.922523,0.799595,0.841877,0.852376,0.987786,1.012289,0.632644,1.052320,1.000134,0.881801,1.084017,0.954334,0.899942,0.946836,0.850812,0.873386,1.086085,0.964608,0.937504,1.004129,0.879157,1.104746,1.067519,0.792089,0.900436,0.755418,0.864579,0.925620,0.883132,0.917579,0.949096,0.759679,1.000270,0.664181,0.932474,0.765604,0.957435,1.022065,0.914275,0.890827,0.941344,0.865815,0.951535,0.886086,0.839068,0.848761,1.081000,0.866740,0.963369,0.906534,0.819482,1.046056,1.120740,0.739634,0.943624,1.024756,0.720269,1.004376,0.945569,0.779780,0.999820,1.073454,0.861213,0.996716,0.977994,0.804937,0.921864,0.924171,0.652109,0.963128,0.856778
city011_027,1.134238,0.926789,0.877438,0.840481,1.019993,0.934918,0.986234,0.848668,0.860775,1.213356,0.762962,0.732350,0.975897,0.981439,0.674045,1.128442,0.666955,0.901389,0.913418,1.211077,0.987176,1.085404,1.089042,0.621133,0.912488,1.170979,0.000000,1.004884,0.713866,1.038883,1.181244,0.922635,1.028137,0.962097,1.028602,1.133663,0.819493,0.686599,1.015198,1.082732,1.086855,1.068451,1.167806,0.955970,1.192535,0.651120,0.879397,0.958097,0.903910,1.144295,0.780927,1.230103,1.177680,0.840672,1.172521,1.083595,1.212936,1.218506,0.883432,1.008859,1.080864,1.256541,1.072884,0.971371,0.912065,1.202588,1.022442,1.004379,1.066233,1.125821,1.092247,0.989773,0.891620,0.892436,1.076793,1.159092,1.172099,0.976853,0.791900,1.109968,0.759102,1.069193,0.990286,0.910711,1.007774,0.928545,0.853849,1.039727,0.885329,0.727752,0.793261,1.113061,1.053295,0.943606,0.856948,0.997307,1.058611,1.059914,0.910310,1.109011
city011_028,1.009267,0.878173,0.961096,1.149834,0.837551,0.990417,0.966345,0.927814,0.891404,1.021055,0.920084,1.090990,1.002114,0.681148,0.873951,1.161143,0.896021,0.948326,0.628982,1.021565,1.175860,0.917033,0.893633,0.869734,1.097163,0.743112,1.004884,0.000000,0.866832,0.881407,0.843032,0.911748,0.903987,0.818074,1.119577,0.768517,0.837869,0.914945,1.036489,0.913377,0.962244,0.836911,1.037265,1.000151,1.039958,1.028504,0.988444,0.950537,1.096300,0.908798,0.952351,0.988154,0.826910,0.835381,0.935189,0.786831,1.007732,0.945160,0.801396,0.834097,0.677012,1.187591,0.849536,0.874372,0.766753,1.006292,1.196138,1.036949,0.627280,1.008534,0.966676,0.904364,0.990935,0.869074,0.706521,1.115346,0.856785,0.809530,0.924389,0.987880,0.828778,1.138019,0.869929,0.755177,1.027011,0.842715,0.905455,0.971250,0.816749,0.947217,1.092633,1.045514,0.902156,0.991300,0.952729,0.944565,0.971428,0.834322,0.932817,0.932076
city011_029,1.034953,0.805090,0.810707,0.708993,0.911995,0.815825,0.866311,0.959664,0.671304,1.054160,0.741953,0.709160,0.861902,0.886661,0.737380,1.023511,0.665799,0.967358,0.807772,1.017299,0.944811,0.907780,0.884661,0.540101,0.794990,0.943892,0.713866,0.866832,0.000000,0.925967,0.982951,0.630733,0.863939,0.821652,0.948169,0.890611,0.663487,0.744511,0.973792,1.037170,0.937309,0.931013,1.163008,0.860079,0.986977,0.749213,0.706283,0.896788,0.893086,0.879602,0.722942,1.147132,1.052290,0.783971,1.054393,0.859865,0.976620,1.007932,0.873909,0.952393,0.895994,1.072646,0.933819,0.892748,0.825188,0.983041,0.935027,0.888112,0.910720,1.000062,1.074749,0.919125,0.623492,0.909902,0.957274,1.100649,1.014077,0.865468,0.873084,1.046720,0.722751,1.046650,0.882468,0.842293,0.859796,0.895388,0.819261,0.929693,0.802902,0.736424,0.738459,1.042477,0.920446,0.923322,0.848452,0.892000,0.908268,0.958848,0.732336,0.998529
city011_030,0.906577,0.808051,0.706737,0.917651,0.860375,0.736716,1.049907,1.084581,0.885943,0.984254,0.744151,0.901696,0.774002,0.790474,0.941964,0.801189,1.018431,1.181396,0.747528,0.723260,0.776353,0.952089,0.807971,0.950438,0.999540,0.922523,1.038883,0.881407,0.925967,0.000000,1.018279,0.933809,0.808069,0.679797,0.987263,0.998912,0.945599,0.994453,1.083433,1.148130,0.964125,1.014829,1.064160,0.909224,0.898832,0.862686,0.815813,0.999109,0.818610,0.726850,1.028084,1.228204,1.031097,0.859066,1.039941,0.771050,0.920757,0.808238,1.095015,0.639346,1.047986,0.774908,1.009429,0.953843,0.875282,0.866424,1.017851,1.108759,1.024407,1.139472,1.102148,1.051196,0.887170,0.881055,1.068876,0.995123,1.119335,1.087151,1.109339,1.161235,0.976048,0.795455,1.125685,1.006203,1.067758,0.979014,1.129527,0.988753,0.902015,1.013864,0.946775,1.193638,1.040718,1.099365,1.102044,0.912945,0.954736,1.075387,0.945704,0.827395
city011_031,0.801132,0.947238,0.985707,0.987010,0.825005,0.951918,0.776018,0.895820,0.962001,0.825213,0.952979,0.978005,0.940152,0.911380,1.087075,0.988623,1.064640,1.039079,0.893391,0.996357,0.828551,0.666592,0.843239,1.048609,0.997167,0.799595,1.181244,0.843032,0.982951,1.018279,0.000000,0.938026,0.916328,1.016544,1.089162,0.867732,1.029090,1.021841,0.764579,0.858648,0.680956,0.811126,0.827639,0.998559,0.682281,1.037847,0.991364,0.857241,0.965592,0.866474,1.055367,0.724057,0.756984,0.916681,0.959566,0.861861,0.767582,0.901192,0.960369,0.898405,0.925191,1.054515,0.887035,0.990347,0.869906,1.052989,1.105594,1.132306,0.925775,0.704495,0.764689,0.804198,0.982834,0.934458,0.964136,0.875903,0.869830,0.987848,0.874715,1.061227,1.037524,0.955687,0.882470,0.954161,0.882116,0.873630,0.806143,0.829592,0.890429,1.053782,1.049473,0.822453,0.734063,0.790839,0.941261,1.056921,0.797185,1.007080,1.005664,1.027911
city011_032,0.957606,0.940198,0.971842,0.794931,0.977683,0.974824,0.991765,0.901615,0.775775,1.110930,0.873129,0.807644,0.912277,1.055306,0.799350,0.954843,0.875047,1.196610,0.994112,0.914045,0.893103,0.850971,0.861744,0.807323,0.762498,0.841877,0.922635,0.911748,0.630733,0.933809,0.938026,0.000000,0.659112,0.968902,0.785673,0.940666,0.721423,0.805030,0.927625,1.172695,1.135116,1.045449,1.105790,0.763918,1.003902,0.887312,0.882069,1.103666,0.852190,0.880271,0.827564,1.164275,1.125517,0.711290,0.971062,0.972162,0.925831,0.899875,1.057572,1.022935,0.953131,0.963204,0.966124,0.982134,0.969462,0.926621,0.875285,0.769011,1.013560,0.991896,1.067256,1.114766,0.646035,0.863705,1.123953,1.125898,0.999016,1.019687,1.025667,0.918374,0.912982,1.081650,0.939977,0.995225,0.911193,1.015087,0.955498,0.990729,0.967275,0.869278,0.894494,1.102766,1.132895,0.983501,0.967697,0.973691,1.033133,1.001210,0.916257,0.894583
city011_033,1.000780,0.857407,0.822189,0.993226,0.925296,0.909502,1.073884,1.026459,0.849887,1.123578,0.940880,0.970327,0.849611,1.019798,0.902521,0.863376,1.037207,1.095328,0.995700,0.764985,0.734637,0.872685,0.759913,0.897797,0.946412,0.852376,1.028137,0.903987,0.863939,0.808069,0.916328,0.659112,0.000000,0.706924,0.963075,0.915226,0.855191,0.961829,1.009457,1.113589,1.000327,1.088106,1.145354,0.938151,1.010290,0.951127,0.957800,1.075861,0.937196,0.773022,1.007846,1.116623,1.013758,0.819436,0.964880,0.930803,0.919993,0.774069,1.055183,0.802140,0.929773,0.804696,0.983592,0.992255,0.896616,0.850297,1.053438,0.939459,1.036814,1.015671,1.068532,1.087276,0.858501,0.960536,1.147183,1.110586,1.003510,1.026080,1.086547,1.034259,1.020490,0.868731,0.895860,0.968392,0.992191,0.995850,0.967096,1.062668,1.029745,1.019508,1.076747,1.098104,1.063334,1.126071,1.034902,0.871806,1.062269,1.046959,1.025099,0.828364
city011_034,1.083902,0.752831,0.677058,0.916803,0.918880,0.714588,1.028361,1.059444,0.879026,1.015144,0.931181,0.993273,0.890729,0.886772,1.029281,0.898848,0.960330,1.014966,0.816508,0.868694,0.857263,1.053028,0.791600,0.755003,1.077492,0.987786,0.962097,0.818074,0.821652,0.679797,1.016544,0.968902,0.706924,0.000000,1.104277,0.942518,0.813086,1.010289,1.132337,0.945494,0.999955,0.997801,1.186163,1.052737,1.041187,0.995203,0.941967,1.102498,1.086956,0.795096,0.853373,1.087587,1.080139,0.952896,1.177176,0.808048,0.973487,0.897241,0.945029,0.759873,0.922428,0.937469,0.933285,0.970185,0.824701,0.847841,1.135424,1.164513,0.948174,1.111325,1.007631,0.985894,1.011780,1.018242,1.003944,1.001870,1.030372,0.977866,1.019775,1.214983,0.888198,0.714155,0.992173,0.786066,0.975308,0.955785,1.008598,0.934658,0.940521,0.933524,0.991589,1.149977,1.024631,1.107009,1.061502,0.878190,1.053483,1.150038,0.979698,1.020748
city011_035,0.962585,0.998460,1.054647,0.845101,0.994380,1.120724,1.219005,1.012292,0.912593,1.128806,0.914856,0.849616,1.033146,1.214816,0.916866,0.894013,0.861073,1.527916,1.115170,0.974165,0.873438,1.009762,0.901031,0.930255,0.683364,1.012289,1.028602,1.119577,0.948169,0.987263,1.089162,0.785673,0.963075,1.104277,0.000000,0.997800,0.982885,0.835264,0.903816,1.415544,1.111784,1.087452,1.134801,0.836411,1.079274,0.896748,0.891102,1.060470,0.819767,1.033865,0.781051,1.476597,1.225937,0.876667,0.981728,1.019293,0.959216,0.936870,1.175221,1.026611,1.020154,0.953500,1.041603,0.994007,1.170488,0.962313,0.866193,0.916734,1.303638,1.048973,1.262006,1.351788,0.853592,1.016146,1.218187,1.140540,1.165575,1.084139,1.035420,0.918883,0.943860,1.091475,0.926318,1.069094,0.837678,1.081914,1.018303,0.928586,1.091098,0.945362,0.826501,1.180427,1.299774,0.985979,1.011933,1.041965,1.137544,0.966672,0.963276,0.975989
city011_036,0.774001,0.921839,0.917519,1.072774,0.783848,0.962174,1.010356,0.952590,0.839454,0.903598,0.881306,1.045146,1.044668,0.717926,1.044189,1.018934,1.050874,1.259404,0.769282,1.035294,1.031188,0.960319,0.879946,1.067488,0.947545,0.632644,1.133663,0.768517,0.890611,0.998912,0.867732,0.940666,0.915226,0.942518,0.997800,0.000000,1.035384,0.944150,0.786861,1.126337,0.964214,0.738390,0.977720,0.855380,0.967775,1.018057,1.065787,0.907657,1.047795,0.875745,1.101336,1.032382,0.706322,0.965642,0.765712,0.790700,0.952654,0.985482,0.911557,1.006515,0.712814,1.004813,0.711275,0.980132,0.792783,0.817465,1.045978,1.005226,0.866870,0.984992,0.967434,0.949906,0.931917,0.902464,0.833351,1.079260,0.787807,0.876326,0.823617,0.871095,1.032015,1.157151,0.755797,0.860065,0.947587,0.676164,0.860025,0.892469,0.805822,1.085458,1.077530,0.808117,1.063789,0.803000,0.770411,0.839823,0.928219,0.813758,1.043617,1.039922
city011_037,1.134556,0.968830,0.967993,0.868569,1.090989,1.075047,1.033402,1.141840,0.729443,1.327593,0.850383,0.769026,0.961879,0.943136,0.761976,1.121780,0.751544,1.039983,0.897626,1.034416,1.011044,1.091752,1.034692,0.662048,0.925679,1.052320,0.819493,0.837869,0.663487,0.945599,1.029090,0.721423,0.855191,0.813086,0.982885,1.035384,0.000000,0.877666,1.159561,0.945133,1.093539,1.040340,1.311391,0.962039,1.178930,0.789789,0.712485,1.063296,1.010701,0.973365,0.786905,1.005145,1.102839,0.684351,1.257065,0.899847,1.156150,1.091025,0.987814,0.980758,1.001555,1.107373,1.106314,0.958049,0.963465,1.047189,1.000492,0.907691,0.760776,1.158925,1.140208,0.981435,0.831539,0.983038,1.002764,1.104869,1.204444,0.925893,1.069546,1.178559,0.712515,1.072448,1.028242,0.825645,1.042106,1.046856,1.024198,1.092268,0.971680,0.826946,0.906509,1.236182,1.019591,1.118678,1.025548,1.012576,1.104395,1.181985,0.794911,1.176296
city011_038,0.971380,0.899981,0.858215,0.798587,0.889527,0.938667,1.057983,0.959607,0.767913,1.126391,0.770044,0.764964,0.846828,0.970554,0.665152,0.943164,0.763409,1.185455,0.969960,0.853027,0.943501,1.113438,0.823055,0.778531,0.728671,1.000134,0.686599,0.914945,0.744511,0.994453,1.021841,0.805030,0.961829,1.010289,0.835264,0.944150,0.877666,0.000000,1.000738,1.285574,1.098250,1.057867,1.058637,0.713330,1.092076,0.787413,0.828644,1.028752,0.703041,0.938849,0.852716,1.347032,1.061659,0.641259,0.851408,1.011415,0.910923,0.949913,0.979325,0.910020,0.888447,0.937903,1.030820,1.061280,0.954876,0.995610,0.766710,0.754847,1.071841,1.052628,1.096094,1.099077,0.736256,0.905564,1.056195,1.091693,0.918709,0.986115,0.941730,0.908758,0.838003,1.109907,0.936615,0.969351,0.860160,0.925283,1.037916,0.882899,1.044486,0.837962,0.631792,1.103834,1.115976,0.949407,0.893002,0.974575,1.028916,0.899973,0.872431,0.846641
city011_039,0.815735,1.023769,1.077503,0.882006,0.905472,1.049434,1.030745,0.842977,0.936515,1.052969,0.882340,0.829424,0.913472,1.007345,0.956462,0.946719,0.938332,1.306746,0.960215,1.135077,0.972392,0.875825,0.852548,0.945992,0.867482,0.881801,1.015198,1.036489,0.973792,1.083433,0.764579,0.927625,1.009457,1.132337,0.903816,0.786861,1.159561,1.000738,0.000000,1.127052,1.031049,0.930927,1.178146,0.899834,0.886175,0.914081,0.909112,1.077847,0.922203,1.012737,1.003948,1.145640,0.995624,0.958313,0.760185,1.006884,0.994931,1.017613,1.080083,1.018062,0.990816,1.016092,0.966534,1.054753,0.970941,0.856042,0.967999,0.924483,1.105633,0.911408,1.100351,1.090205,0.940455,0.987685,1.065140,0.977237,0.930531,0.965958,0.902578,0.961566,0.934579,1.032862,0.941958,1.075048,0.861151,0.969090,0.872960,0.951100,0.932860,0.956622,0.936584,0.947098,1.070655,0.708899,0.923602,1.029189,0.963431,0.962311,0.998936,1.074151
city011_040,1.333910,1.196804,1.314366,1.369690,1.086250,1.092814,0.739869,1.026844,1.197136,0.981797,1.228911,1.325059,1.341284,1.002117,1.174307,1.525263,1.235183,0.623503,0.992386,1.398405,1.458983,0.907248,1.331946,1.101519,1.434099,1.084017,1.082732,0.913377,1.037170,1.148130,0.858648,1.172695,1.113589,0.945494,1.415544,1.126337,0.945133,1.285574,1.127052,0.000000,0.823762,1.170967,1.021732,1.393751,1.115680,1.245774,1.355491,0.851524,1.432343,1.148954,1.258205,0.609777,0.911342,1.183658,1.316442,1.084081,1.089155,1.326536,0.973966,1.188976,1.065387,1.484314,1.089741,1.029520,1.044715,1.221800,1.569501,1.292005,0.877243,0.958103,0.760019,0.784726,1.302925,1.151252,1.075661,1.356257,1.012781,1.040629,1.071931,1.206172,1.223766,1.337785,1.234178,0.965352,1.301042,1.148876,0.943548,1.291481,1.101899,1.264136,1.428390,0.960177,0.854134,1.143783,1.363137,1.267267,1.133840,1.179677,1.369780,1.374611
city011_041,0.935559,0.923041,0.840832,0.973755,0.875223,0.985377,0.679155,0.982579,0.894275,0.776307,0.962515,0.986797,0.914812,0.879319,1.124565,1.124067,0.961048,0.855250,0.813368,1.003972,0.962079,0.804731,0.934802,0.980371,1.075365,0.954334,1.086855,0.962244,0.937309,0.964125,0.680956,1.135116,1.000327,0.999955,1.111784,0.964214,1.093539,1.098250,1.031049,0.823762,0.000000,0.825006,0.823570,1.077999,0.595910,0.955221,0.834186,0.698919,1.057145,1.101217,0.957271,0.777460,0.822145,1.102448,1.062586,0.793180,0.765450,1.058845,0.925918,0.873752,0.960381,1.014959,1.002051,0.863178,0.786941,1.121747,1.096095,1.280998,0.989425,0.769508,0.760445,0.745800,1.048844,0.978384,0.842690,0.828439,0.947821,0.884759,0.766092,1.092307,0.964823,1.005915,0.907412,0.868288,0.878120,0.905485,0.777925,0.819977,0.895205,0.964932,1.003516,0.763168,0.561786,0.862317,1.007298,1.100731,0.673493,0.983505,0.907850,0.998894
city011_042,0.838813,0.945637,0.929220,0.965806,0.865400,1.037705,0.963093,0.960956,0.866794,1.003952,0.956806,1.020277,0.962382,0.733793,1.086181,1.151724,0.954278,1.169249,0.728146,1.125424,1.073235,1.011831,0.962081,0.957076,1.041097,0.899942,1.068451,0.836911,0.931013,1.014829,0.811126,1.045449,1.088106,0.997801,1.087452,0.738390,1.040340,1.057867,0.930927,1.170967,0.825006,0.000000,1.094046,1.033399,0.866130,0.964206,0.906348,0.833599,1.063730,1.090231,0.989063,1.064672,0.926650,1.048021,1.007128,0.762665,0.918079,1.142068,0.683292,1.042369,0.875522,1.161162,0.911295,0.816955,0.748040,1.016060,1.007498,1.225114,0.952349,1.027885,1.114315,0.890043,0.982692,0.849018,0.763478,0.900516,1.049865,0.705891,0.777992,0.958890,0.857580,1.099496,0.832800,0.872227,0.789668,0.816594,0.857391,0.839924,0.729117,0.950842,0.998049,0.978444,0.867819,0.865654,0.730006,0.951568,0.739737,0.990014,0.859421,1.201951
